Slabel:[
(1)'S1'
(2)'S2'
(3)'S3'
(4)'S4'
(5)'S5'
(6)'S6'
(7)'S7'
(8)'S8'
]

Dlabel:[
]

cost:[
(1, 2)10
(1, 3)19
(1, 4)28
(1, 5)37
(1, 6)46
(1, 7)55
(1, 8)64
(2, 1)10
(2, 3)10
(2, 4)19
(2, 5)28
(2, 6)37
(2, 7)46
(2, 8)55
(3, 1)19
(3, 2)10
(3, 4)10
(3, 5)19
(3, 6)28
(3, 7)37
(3, 8)46
(4, 1)28
(4, 2)19
(4, 3)10
(4, 5)10
(4, 6)19
(4, 7)28
(4, 8)37
(5, 1)37
(5, 2)28
(5, 3)19
(5, 4)10
(5, 6)10
(5, 7)19
(5, 8)28
(6, 1)46
(6, 2)37
(6, 3)28
(6, 4)19
(6, 5)10
(6, 7)10
(6, 8)19
(7, 1)55
(7, 2)46
(7, 3)37
(7, 4)28
(7, 5)19
(7, 6)10
(7, 8)10
(8, 1)64
(8, 2)55
(8, 3)46
(8, 4)37
(8, 5)28
(8, 6)19
(8, 7)10
]

u:100
m:5
Q:50

stat:[
(1)1
(2)2
(3)3
(4)4
(5)5
(6)6
(7)7
(8)8
(9)7
(10)8
(11)6
(12)8
(13)6
(14)7
(15)6
(16)7
(17)8
(18)5
(19)8
(20)5
(21)7
(22)5
(23)7
(24)8
(25)5
(26)6
(27)5
(28)6
(29)8
(30)5
(31)6
(32)7
(33)5
(34)6
(35)7
(36)8
(37)4
(38)8
(39)4
(40)7
(41)4
(42)7
(43)8
(44)4
(45)6
(46)4
(47)6
(48)8
(49)4
(50)6
(51)7
(52)4
(53)6
(54)7
(55)8
(56)4
(57)5
(58)4
(59)5
(60)8
(61)4
(62)5
(63)7
(64)4
(65)5
(66)7
(67)8
(68)4
(69)5
(70)6
(71)4
(72)5
(73)6
(74)8
(75)4
(76)5
(77)6
(78)7
(79)4
(80)5
(81)6
(82)7
(83)8
(84)3
(85)8
(86)3
(87)7
(88)3
(89)7
(90)8
(91)3
(92)6
(93)3
(94)6
(95)8
(96)3
(97)6
(98)7
(99)3
(100)6
(101)7
(102)8
(103)3
(104)5
(105)3
(106)5
(107)8
(108)3
(109)5
(110)7
(111)3
(112)5
(113)7
(114)8
(115)3
(116)5
(117)6
(118)3
(119)5
(120)6
(121)8
(122)3
(123)5
(124)6
(125)7
(126)3
(127)5
(128)6
(129)7
(130)8
(131)3
(132)4
(133)3
(134)4
(135)8
(136)3
(137)4
(138)7
(139)3
(140)4
(141)7
(142)8
(143)3
(144)4
(145)6
(146)3
(147)4
(148)6
(149)8
(150)3
(151)4
(152)6
(153)7
(154)3
(155)4
(156)6
(157)7
(158)8
(159)3
(160)4
(161)5
(162)3
(163)4
(164)5
(165)8
(166)3
(167)4
(168)5
(169)7
(170)3
(171)4
(172)5
(173)7
(174)8
(175)3
(176)4
(177)5
(178)6
(179)3
(180)4
(181)5
(182)6
(183)8
(184)3
(185)4
(186)5
(187)6
(188)7
(189)3
(190)4
(191)5
(192)6
(193)7
(194)8
(195)2
(196)8
(197)2
(198)7
(199)2
(200)7
(201)8
(202)2
(203)6
(204)2
(205)6
(206)8
(207)2
(208)6
(209)7
(210)2
(211)6
(212)7
(213)8
(214)2
(215)5
(216)2
(217)5
(218)8
(219)2
(220)5
(221)7
(222)2
(223)5
(224)7
(225)8
(226)2
(227)5
(228)6
(229)2
(230)5
(231)6
(232)8
(233)2
(234)5
(235)6
(236)7
(237)2
(238)5
(239)6
(240)7
(241)8
(242)2
(243)4
(244)2
(245)4
(246)8
(247)2
(248)4
(249)7
(250)2
(251)4
(252)7
(253)8
(254)2
(255)4
(256)6
(257)2
(258)4
(259)6
(260)8
(261)2
(262)4
(263)6
(264)7
(265)2
(266)4
(267)6
(268)7
(269)8
(270)2
(271)4
(272)5
(273)2
(274)4
(275)5
(276)8
(277)2
(278)4
(279)5
(280)7
(281)2
(282)4
(283)5
(284)7
(285)8
(286)2
(287)4
(288)5
(289)6
(290)2
(291)4
(292)5
(293)6
(294)8
(295)2
(296)4
(297)5
(298)6
(299)7
(300)2
(301)4
(302)5
(303)6
(304)7
(305)8
(306)2
(307)3
(308)2
(309)3
(310)8
(311)2
(312)3
(313)7
(314)2
(315)3
(316)7
(317)8
(318)2
(319)3
(320)6
(321)2
(322)3
(323)6
(324)8
(325)2
(326)3
(327)6
(328)7
(329)2
(330)3
(331)6
(332)7
(333)8
(334)2
(335)3
(336)5
(337)2
(338)3
(339)5
(340)8
(341)2
(342)3
(343)5
(344)7
(345)2
(346)3
(347)5
(348)7
(349)8
(350)2
(351)3
(352)5
(353)6
(354)2
(355)3
(356)5
(357)6
(358)8
(359)2
(360)3
(361)5
(362)6
(363)7
(364)2
(365)3
(366)5
(367)6
(368)7
(369)8
(370)2
(371)3
(372)4
(373)2
(374)3
(375)4
(376)8
(377)2
(378)3
(379)4
(380)7
(381)2
(382)3
(383)4
(384)7
(385)8
(386)2
(387)3
(388)4
(389)6
(390)2
(391)3
(392)4
(393)6
(394)8
(395)2
(396)3
(397)4
(398)6
(399)7
(400)2
(401)3
(402)4
(403)6
(404)7
(405)8
(406)2
(407)3
(408)4
(409)5
(410)2
(411)3
(412)4
(413)5
(414)8
(415)2
(416)3
(417)4
(418)5
(419)7
(420)2
(421)3
(422)4
(423)5
(424)7
(425)8
(426)2
(427)3
(428)4
(429)5
(430)6
(431)2
(432)3
(433)4
(434)5
(435)6
(436)8
(437)2
(438)3
(439)4
(440)5
(441)6
(442)7
(443)2
(444)3
(445)4
(446)5
(447)6
(448)7
(449)8
(450)1
(451)8
(452)1
(453)7
(454)1
(455)7
(456)8
(457)1
(458)6
(459)1
(460)6
(461)8
(462)1
(463)6
(464)7
(465)1
(466)6
(467)7
(468)8
(469)1
(470)5
(471)1
(472)5
(473)8
(474)1
(475)5
(476)7
(477)1
(478)5
(479)7
(480)8
(481)1
(482)5
(483)6
(484)1
(485)5
(486)6
(487)8
(488)1
(489)5
(490)6
(491)7
(492)1
(493)5
(494)6
(495)7
(496)8
(497)1
(498)4
(499)1
(500)4
(501)8
(502)1
(503)4
(504)7
(505)1
(506)4
(507)7
(508)8
(509)1
(510)4
(511)6
(512)1
(513)4
(514)6
(515)8
(516)1
(517)4
(518)6
(519)7
(520)1
(521)4
(522)6
(523)7
(524)8
(525)1
(526)4
(527)5
(528)1
(529)4
(530)5
(531)8
(532)1
(533)4
(534)5
(535)7
(536)1
(537)4
(538)5
(539)7
(540)8
(541)1
(542)4
(543)5
(544)6
(545)1
(546)4
(547)5
(548)6
(549)8
(550)1
(551)4
(552)5
(553)6
(554)7
(555)1
(556)4
(557)5
(558)6
(559)7
(560)8
(561)1
(562)3
(563)1
(564)3
(565)8
(566)1
(567)3
(568)7
(569)1
(570)3
(571)7
(572)8
(573)1
(574)3
(575)6
(576)1
(577)3
(578)6
(579)8
(580)1
(581)3
(582)6
(583)7
(584)1
(585)3
(586)6
(587)7
(588)8
(589)1
(590)3
(591)5
(592)1
(593)3
(594)5
(595)8
(596)1
(597)3
(598)5
(599)7
(600)1
(601)3
(602)5
(603)7
(604)8
(605)1
(606)3
(607)5
(608)6
(609)1
(610)3
(611)5
(612)6
(613)8
(614)1
(615)3
(616)5
(617)6
(618)7
(619)1
(620)3
(621)5
(622)6
(623)7
(624)8
(625)1
(626)3
(627)4
(628)1
(629)3
(630)4
(631)8
(632)1
(633)3
(634)4
(635)7
(636)1
(637)3
(638)4
(639)7
(640)8
(641)1
(642)3
(643)4
(644)6
(645)1
(646)3
(647)4
(648)6
(649)8
(650)1
(651)3
(652)4
(653)6
(654)7
(655)1
(656)3
(657)4
(658)6
(659)7
(660)8
(661)1
(662)3
(663)4
(664)5
(665)1
(666)3
(667)4
(668)5
(669)8
(670)1
(671)3
(672)4
(673)5
(674)7
(675)1
(676)3
(677)4
(678)5
(679)7
(680)8
(681)1
(682)3
(683)4
(684)5
(685)6
(686)1
(687)3
(688)4
(689)5
(690)6
(691)8
(692)1
(693)3
(694)4
(695)5
(696)6
(697)7
(698)1
(699)3
(700)4
(701)5
(702)6
(703)7
(704)8
(705)1
(706)2
(707)1
(708)2
(709)8
(710)1
(711)2
(712)7
(713)1
(714)2
(715)7
(716)8
(717)1
(718)2
(719)6
(720)1
(721)2
(722)6
(723)8
(724)1
(725)2
(726)6
(727)7
(728)1
(729)2
(730)6
(731)7
(732)8
(733)1
(734)2
(735)5
(736)1
(737)2
(738)5
(739)8
(740)1
(741)2
(742)5
(743)7
(744)1
(745)2
(746)5
(747)7
(748)8
(749)1
(750)2
(751)5
(752)6
(753)1
(754)2
(755)5
(756)6
(757)8
(758)1
(759)2
(760)5
(761)6
(762)7
(763)1
(764)2
(765)5
(766)6
(767)7
(768)8
(769)1
(770)2
(771)4
(772)1
(773)2
(774)4
(775)8
(776)1
(777)2
(778)4
(779)7
(780)1
(781)2
(782)4
(783)7
(784)8
(785)1
(786)2
(787)4
(788)6
(789)1
(790)2
(791)4
(792)6
(793)8
(794)1
(795)2
(796)4
(797)6
(798)7
(799)1
(800)2
(801)4
(802)6
(803)7
(804)8
(805)1
(806)2
(807)4
(808)5
(809)1
(810)2
(811)4
(812)5
(813)8
(814)1
(815)2
(816)4
(817)5
(818)7
(819)1
(820)2
(821)4
(822)5
(823)7
(824)8
(825)1
(826)2
(827)4
(828)5
(829)6
(830)1
(831)2
(832)4
(833)5
(834)6
(835)8
(836)1
(837)2
(838)4
(839)5
(840)6
(841)7
(842)1
(843)2
(844)4
(845)5
(846)6
(847)7
(848)8
(849)1
(850)2
(851)3
(852)1
(853)2
(854)3
(855)8
(856)1
(857)2
(858)3
(859)7
(860)1
(861)2
(862)3
(863)7
(864)8
(865)1
(866)2
(867)3
(868)6
(869)1
(870)2
(871)3
(872)6
(873)8
(874)1
(875)2
(876)3
(877)6
(878)7
(879)1
(880)2
(881)3
(882)6
(883)7
(884)8
(885)1
(886)2
(887)3
(888)5
(889)1
(890)2
(891)3
(892)5
(893)8
(894)1
(895)2
(896)3
(897)5
(898)7
(899)1
(900)2
(901)3
(902)5
(903)7
(904)8
(905)1
(906)2
(907)3
(908)5
(909)6
(910)1
(911)2
(912)3
(913)5
(914)6
(915)8
(916)1
(917)2
(918)3
(919)5
(920)6
(921)7
(922)1
(923)2
(924)3
(925)5
(926)6
(927)7
(928)8
(929)1
(930)2
(931)3
(932)4
(933)1
(934)2
(935)3
(936)4
(937)8
(938)1
(939)2
(940)3
(941)4
(942)7
(943)1
(944)2
(945)3
(946)4
(947)7
(948)8
(949)1
(950)2
(951)3
(952)4
(953)6
(954)1
(955)2
(956)3
(957)4
(958)6
(959)8
(960)1
(961)2
(962)3
(963)4
(964)6
(965)7
(966)1
(967)2
(968)3
(969)4
(970)6
(971)7
(972)8
(973)1
(974)2
(975)3
(976)4
(977)5
(978)1
(979)2
(980)3
(981)4
(982)5
(983)8
(984)1
(985)2
(986)3
(987)4
(988)5
(989)7
(990)1
(991)2
(992)3
(993)4
(994)5
(995)7
(996)8
(997)1
(998)2
(999)3
(1000)4
(1001)5
(1002)6
(1003)1
(1004)2
(1005)3
(1006)4
(1007)5
(1008)6
(1009)8
(1010)1
(1011)2
(1012)3
(1013)4
(1014)5
(1015)6
(1016)7
(1017)1
(1018)2
(1019)3
(1020)4
(1021)5
(1022)6
(1023)7
(1024)8
]

b:[
(1, 2)50
(1, 3)50
(1, 4)50
(1, 5)50
(1, 6)50
(1, 7)50
(1, 8)50
(2, 1)50
(2, 3)50
(2, 4)50
(2, 5)50
(2, 6)50
(2, 7)50
(2, 8)50
(3, 1)50
(3, 2)50
(3, 4)50
(3, 5)50
(3, 6)50
(3, 7)50
(3, 8)50
(4, 1)50
(4, 2)50
(4, 3)50
(4, 5)50
(4, 6)50
(4, 7)50
(4, 8)50
(5, 1)50
(5, 2)50
(5, 3)50
(5, 4)50
(5, 6)50
(5, 7)50
(5, 8)50
(6, 1)50
(6, 2)50
(6, 3)50
(6, 4)50
(6, 5)50
(6, 7)50
(6, 8)50
(7, 1)50
(7, 2)50
(7, 3)50
(7, 4)50
(7, 5)50
(7, 6)50
(7, 8)50
(8, 1)50
(8, 2)50
(8, 3)50
(8, 4)50
(8, 5)50
(8, 6)50
(8, 7)50
]

Ar:[
(9, 10, 1)1
(10, 9, 1)1
(11, 12, 2)1
(12, 11, 2)1
(13, 14, 3)1
(14, 13, 3)1
(15, 16, 4)1
(16, 15, 4)1
(16, 17, 4)1
(17, 16, 4)1
(18, 19, 5)1
(19, 18, 5)1
(20, 21, 6)1
(21, 20, 6)1
(22, 23, 7)1
(23, 22, 7)1
(23, 24, 7)1
(24, 23, 7)1
(25, 26, 8)1
(26, 25, 8)1
(27, 28, 9)1
(28, 27, 9)1
(28, 29, 9)1
(29, 28, 9)1
(30, 31, 10)1
(31, 30, 10)1
(31, 32, 10)1
(32, 31, 10)1
(33, 34, 11)1
(34, 33, 11)1
(34, 35, 11)1
(35, 34, 11)1
(35, 36, 11)1
(36, 35, 11)1
(37, 38, 12)1
(38, 37, 12)1
(39, 40, 13)1
(40, 39, 13)1
(41, 42, 14)1
(42, 41, 14)1
(42, 43, 14)1
(43, 42, 14)1
(44, 45, 15)1
(45, 44, 15)1
(46, 47, 16)1
(47, 46, 16)1
(47, 48, 16)1
(48, 47, 16)1
(49, 50, 17)1
(50, 49, 17)1
(50, 51, 17)1
(51, 50, 17)1
(52, 53, 18)1
(53, 52, 18)1
(53, 54, 18)1
(54, 53, 18)1
(54, 55, 18)1
(55, 54, 18)1
(56, 57, 19)1
(57, 56, 19)1
(58, 59, 20)1
(59, 58, 20)1
(59, 60, 20)1
(60, 59, 20)1
(61, 62, 21)1
(62, 61, 21)1
(62, 63, 21)1
(63, 62, 21)1
(64, 65, 22)1
(65, 64, 22)1
(65, 66, 22)1
(66, 65, 22)1
(66, 67, 22)1
(67, 66, 22)1
(68, 69, 23)1
(69, 68, 23)1
(69, 70, 23)1
(70, 69, 23)1
(71, 72, 24)1
(72, 71, 24)1
(72, 73, 24)1
(73, 72, 24)1
(73, 74, 24)1
(74, 73, 24)1
(75, 76, 25)1
(76, 75, 25)1
(76, 77, 25)1
(77, 76, 25)1
(77, 78, 25)1
(78, 77, 25)1
(79, 80, 26)1
(80, 79, 26)1
(80, 81, 26)1
(81, 80, 26)1
(81, 82, 26)1
(82, 81, 26)1
(82, 83, 26)1
(83, 82, 26)1
(84, 85, 27)1
(85, 84, 27)1
(86, 87, 28)1
(87, 86, 28)1
(88, 89, 29)1
(89, 88, 29)1
(89, 90, 29)1
(90, 89, 29)1
(91, 92, 30)1
(92, 91, 30)1
(93, 94, 31)1
(94, 93, 31)1
(94, 95, 31)1
(95, 94, 31)1
(96, 97, 32)1
(97, 96, 32)1
(97, 98, 32)1
(98, 97, 32)1
(99, 100, 33)1
(100, 99, 33)1
(100, 101, 33)1
(101, 100, 33)1
(101, 102, 33)1
(102, 101, 33)1
(103, 104, 34)1
(104, 103, 34)1
(105, 106, 35)1
(106, 105, 35)1
(106, 107, 35)1
(107, 106, 35)1
(108, 109, 36)1
(109, 108, 36)1
(109, 110, 36)1
(110, 109, 36)1
(111, 112, 37)1
(112, 111, 37)1
(112, 113, 37)1
(113, 112, 37)1
(113, 114, 37)1
(114, 113, 37)1
(115, 116, 38)1
(116, 115, 38)1
(116, 117, 38)1
(117, 116, 38)1
(118, 119, 39)1
(119, 118, 39)1
(119, 120, 39)1
(120, 119, 39)1
(120, 121, 39)1
(121, 120, 39)1
(122, 123, 40)1
(123, 122, 40)1
(123, 124, 40)1
(124, 123, 40)1
(124, 125, 40)1
(125, 124, 40)1
(126, 127, 41)1
(127, 126, 41)1
(127, 128, 41)1
(128, 127, 41)1
(128, 129, 41)1
(129, 128, 41)1
(129, 130, 41)1
(130, 129, 41)1
(131, 132, 42)1
(132, 131, 42)1
(133, 134, 43)1
(134, 133, 43)1
(134, 135, 43)1
(135, 134, 43)1
(136, 137, 44)1
(137, 136, 44)1
(137, 138, 44)1
(138, 137, 44)1
(139, 140, 45)1
(140, 139, 45)1
(140, 141, 45)1
(141, 140, 45)1
(141, 142, 45)1
(142, 141, 45)1
(143, 144, 46)1
(144, 143, 46)1
(144, 145, 46)1
(145, 144, 46)1
(146, 147, 47)1
(147, 146, 47)1
(147, 148, 47)1
(148, 147, 47)1
(148, 149, 47)1
(149, 148, 47)1
(150, 151, 48)1
(151, 150, 48)1
(151, 152, 48)1
(152, 151, 48)1
(152, 153, 48)1
(153, 152, 48)1
(154, 155, 49)1
(155, 154, 49)1
(155, 156, 49)1
(156, 155, 49)1
(156, 157, 49)1
(157, 156, 49)1
(157, 158, 49)1
(158, 157, 49)1
(159, 160, 50)1
(160, 159, 50)1
(160, 161, 50)1
(161, 160, 50)1
(162, 163, 51)1
(163, 162, 51)1
(163, 164, 51)1
(164, 163, 51)1
(164, 165, 51)1
(165, 164, 51)1
(166, 167, 52)1
(167, 166, 52)1
(167, 168, 52)1
(168, 167, 52)1
(168, 169, 52)1
(169, 168, 52)1
(170, 171, 53)1
(171, 170, 53)1
(171, 172, 53)1
(172, 171, 53)1
(172, 173, 53)1
(173, 172, 53)1
(173, 174, 53)1
(174, 173, 53)1
(175, 176, 54)1
(176, 175, 54)1
(176, 177, 54)1
(177, 176, 54)1
(177, 178, 54)1
(178, 177, 54)1
(179, 180, 55)1
(180, 179, 55)1
(180, 181, 55)1
(181, 180, 55)1
(181, 182, 55)1
(182, 181, 55)1
(182, 183, 55)1
(183, 182, 55)1
(184, 185, 56)1
(185, 184, 56)1
(185, 186, 56)1
(186, 185, 56)1
(186, 187, 56)1
(187, 186, 56)1
(187, 188, 56)1
(188, 187, 56)1
(189, 190, 57)1
(190, 189, 57)1
(190, 191, 57)1
(191, 190, 57)1
(191, 192, 57)1
(192, 191, 57)1
(192, 193, 57)1
(193, 192, 57)1
(193, 194, 57)1
(194, 193, 57)1
(195, 196, 58)1
(196, 195, 58)1
(197, 198, 59)1
(198, 197, 59)1
(199, 200, 60)1
(200, 199, 60)1
(200, 201, 60)1
(201, 200, 60)1
(202, 203, 61)1
(203, 202, 61)1
(204, 205, 62)1
(205, 204, 62)1
(205, 206, 62)1
(206, 205, 62)1
(207, 208, 63)1
(208, 207, 63)1
(208, 209, 63)1
(209, 208, 63)1
(210, 211, 64)1
(211, 210, 64)1
(211, 212, 64)1
(212, 211, 64)1
(212, 213, 64)1
(213, 212, 64)1
(214, 215, 65)1
(215, 214, 65)1
(216, 217, 66)1
(217, 216, 66)1
(217, 218, 66)1
(218, 217, 66)1
(219, 220, 67)1
(220, 219, 67)1
(220, 221, 67)1
(221, 220, 67)1
(222, 223, 68)1
(223, 222, 68)1
(223, 224, 68)1
(224, 223, 68)1
(224, 225, 68)1
(225, 224, 68)1
(226, 227, 69)1
(227, 226, 69)1
(227, 228, 69)1
(228, 227, 69)1
(229, 230, 70)1
(230, 229, 70)1
(230, 231, 70)1
(231, 230, 70)1
(231, 232, 70)1
(232, 231, 70)1
(233, 234, 71)1
(234, 233, 71)1
(234, 235, 71)1
(235, 234, 71)1
(235, 236, 71)1
(236, 235, 71)1
(237, 238, 72)1
(238, 237, 72)1
(238, 239, 72)1
(239, 238, 72)1
(239, 240, 72)1
(240, 239, 72)1
(240, 241, 72)1
(241, 240, 72)1
(242, 243, 73)1
(243, 242, 73)1
(244, 245, 74)1
(245, 244, 74)1
(245, 246, 74)1
(246, 245, 74)1
(247, 248, 75)1
(248, 247, 75)1
(248, 249, 75)1
(249, 248, 75)1
(250, 251, 76)1
(251, 250, 76)1
(251, 252, 76)1
(252, 251, 76)1
(252, 253, 76)1
(253, 252, 76)1
(254, 255, 77)1
(255, 254, 77)1
(255, 256, 77)1
(256, 255, 77)1
(257, 258, 78)1
(258, 257, 78)1
(258, 259, 78)1
(259, 258, 78)1
(259, 260, 78)1
(260, 259, 78)1
(261, 262, 79)1
(262, 261, 79)1
(262, 263, 79)1
(263, 262, 79)1
(263, 264, 79)1
(264, 263, 79)1
(265, 266, 80)1
(266, 265, 80)1
(266, 267, 80)1
(267, 266, 80)1
(267, 268, 80)1
(268, 267, 80)1
(268, 269, 80)1
(269, 268, 80)1
(270, 271, 81)1
(271, 270, 81)1
(271, 272, 81)1
(272, 271, 81)1
(273, 274, 82)1
(274, 273, 82)1
(274, 275, 82)1
(275, 274, 82)1
(275, 276, 82)1
(276, 275, 82)1
(277, 278, 83)1
(278, 277, 83)1
(278, 279, 83)1
(279, 278, 83)1
(279, 280, 83)1
(280, 279, 83)1
(281, 282, 84)1
(282, 281, 84)1
(282, 283, 84)1
(283, 282, 84)1
(283, 284, 84)1
(284, 283, 84)1
(284, 285, 84)1
(285, 284, 84)1
(286, 287, 85)1
(287, 286, 85)1
(287, 288, 85)1
(288, 287, 85)1
(288, 289, 85)1
(289, 288, 85)1
(290, 291, 86)1
(291, 290, 86)1
(291, 292, 86)1
(292, 291, 86)1
(292, 293, 86)1
(293, 292, 86)1
(293, 294, 86)1
(294, 293, 86)1
(295, 296, 87)1
(296, 295, 87)1
(296, 297, 87)1
(297, 296, 87)1
(297, 298, 87)1
(298, 297, 87)1
(298, 299, 87)1
(299, 298, 87)1
(300, 301, 88)1
(301, 300, 88)1
(301, 302, 88)1
(302, 301, 88)1
(302, 303, 88)1
(303, 302, 88)1
(303, 304, 88)1
(304, 303, 88)1
(304, 305, 88)1
(305, 304, 88)1
(306, 307, 89)1
(307, 306, 89)1
(308, 309, 90)1
(309, 308, 90)1
(309, 310, 90)1
(310, 309, 90)1
(311, 312, 91)1
(312, 311, 91)1
(312, 313, 91)1
(313, 312, 91)1
(314, 315, 92)1
(315, 314, 92)1
(315, 316, 92)1
(316, 315, 92)1
(316, 317, 92)1
(317, 316, 92)1
(318, 319, 93)1
(319, 318, 93)1
(319, 320, 93)1
(320, 319, 93)1
(321, 322, 94)1
(322, 321, 94)1
(322, 323, 94)1
(323, 322, 94)1
(323, 324, 94)1
(324, 323, 94)1
(325, 326, 95)1
(326, 325, 95)1
(326, 327, 95)1
(327, 326, 95)1
(327, 328, 95)1
(328, 327, 95)1
(329, 330, 96)1
(330, 329, 96)1
(330, 331, 96)1
(331, 330, 96)1
(331, 332, 96)1
(332, 331, 96)1
(332, 333, 96)1
(333, 332, 96)1
(334, 335, 97)1
(335, 334, 97)1
(335, 336, 97)1
(336, 335, 97)1
(337, 338, 98)1
(338, 337, 98)1
(338, 339, 98)1
(339, 338, 98)1
(339, 340, 98)1
(340, 339, 98)1
(341, 342, 99)1
(342, 341, 99)1
(342, 343, 99)1
(343, 342, 99)1
(343, 344, 99)1
(344, 343, 99)1
(345, 346, 100)1
(346, 345, 100)1
(346, 347, 100)1
(347, 346, 100)1
(347, 348, 100)1
(348, 347, 100)1
(348, 349, 100)1
(349, 348, 100)1
(350, 351, 101)1
(351, 350, 101)1
(351, 352, 101)1
(352, 351, 101)1
(352, 353, 101)1
(353, 352, 101)1
(354, 355, 102)1
(355, 354, 102)1
(355, 356, 102)1
(356, 355, 102)1
(356, 357, 102)1
(357, 356, 102)1
(357, 358, 102)1
(358, 357, 102)1
(359, 360, 103)1
(360, 359, 103)1
(360, 361, 103)1
(361, 360, 103)1
(361, 362, 103)1
(362, 361, 103)1
(362, 363, 103)1
(363, 362, 103)1
(364, 365, 104)1
(365, 364, 104)1
(365, 366, 104)1
(366, 365, 104)1
(366, 367, 104)1
(367, 366, 104)1
(367, 368, 104)1
(368, 367, 104)1
(368, 369, 104)1
(369, 368, 104)1
(370, 371, 105)1
(371, 370, 105)1
(371, 372, 105)1
(372, 371, 105)1
(373, 374, 106)1
(374, 373, 106)1
(374, 375, 106)1
(375, 374, 106)1
(375, 376, 106)1
(376, 375, 106)1
(377, 378, 107)1
(378, 377, 107)1
(378, 379, 107)1
(379, 378, 107)1
(379, 380, 107)1
(380, 379, 107)1
(381, 382, 108)1
(382, 381, 108)1
(382, 383, 108)1
(383, 382, 108)1
(383, 384, 108)1
(384, 383, 108)1
(384, 385, 108)1
(385, 384, 108)1
(386, 387, 109)1
(387, 386, 109)1
(387, 388, 109)1
(388, 387, 109)1
(388, 389, 109)1
(389, 388, 109)1
(390, 391, 110)1
(391, 390, 110)1
(391, 392, 110)1
(392, 391, 110)1
(392, 393, 110)1
(393, 392, 110)1
(393, 394, 110)1
(394, 393, 110)1
(395, 396, 111)1
(396, 395, 111)1
(396, 397, 111)1
(397, 396, 111)1
(397, 398, 111)1
(398, 397, 111)1
(398, 399, 111)1
(399, 398, 111)1
(400, 401, 112)1
(401, 400, 112)1
(401, 402, 112)1
(402, 401, 112)1
(402, 403, 112)1
(403, 402, 112)1
(403, 404, 112)1
(404, 403, 112)1
(404, 405, 112)1
(405, 404, 112)1
(406, 407, 113)1
(407, 406, 113)1
(407, 408, 113)1
(408, 407, 113)1
(408, 409, 113)1
(409, 408, 113)1
(410, 411, 114)1
(411, 410, 114)1
(411, 412, 114)1
(412, 411, 114)1
(412, 413, 114)1
(413, 412, 114)1
(413, 414, 114)1
(414, 413, 114)1
(415, 416, 115)1
(416, 415, 115)1
(416, 417, 115)1
(417, 416, 115)1
(417, 418, 115)1
(418, 417, 115)1
(418, 419, 115)1
(419, 418, 115)1
(420, 421, 116)1
(421, 420, 116)1
(421, 422, 116)1
(422, 421, 116)1
(422, 423, 116)1
(423, 422, 116)1
(423, 424, 116)1
(424, 423, 116)1
(424, 425, 116)1
(425, 424, 116)1
(426, 427, 117)1
(427, 426, 117)1
(427, 428, 117)1
(428, 427, 117)1
(428, 429, 117)1
(429, 428, 117)1
(429, 430, 117)1
(430, 429, 117)1
(431, 432, 118)1
(432, 431, 118)1
(432, 433, 118)1
(433, 432, 118)1
(433, 434, 118)1
(434, 433, 118)1
(434, 435, 118)1
(435, 434, 118)1
(435, 436, 118)1
(436, 435, 118)1
(437, 438, 119)1
(438, 437, 119)1
(438, 439, 119)1
(439, 438, 119)1
(439, 440, 119)1
(440, 439, 119)1
(440, 441, 119)1
(441, 440, 119)1
(441, 442, 119)1
(442, 441, 119)1
(443, 444, 120)1
(444, 443, 120)1
(444, 445, 120)1
(445, 444, 120)1
(445, 446, 120)1
(446, 445, 120)1
(446, 447, 120)1
(447, 446, 120)1
(447, 448, 120)1
(448, 447, 120)1
(448, 449, 120)1
(449, 448, 120)1
(450, 451, 121)1
(451, 450, 121)1
(452, 453, 122)1
(453, 452, 122)1
(454, 455, 123)1
(455, 454, 123)1
(455, 456, 123)1
(456, 455, 123)1
(457, 458, 124)1
(458, 457, 124)1
(459, 460, 125)1
(460, 459, 125)1
(460, 461, 125)1
(461, 460, 125)1
(462, 463, 126)1
(463, 462, 126)1
(463, 464, 126)1
(464, 463, 126)1
(465, 466, 127)1
(466, 465, 127)1
(466, 467, 127)1
(467, 466, 127)1
(467, 468, 127)1
(468, 467, 127)1
(469, 470, 128)1
(470, 469, 128)1
(471, 472, 129)1
(472, 471, 129)1
(472, 473, 129)1
(473, 472, 129)1
(474, 475, 130)1
(475, 474, 130)1
(475, 476, 130)1
(476, 475, 130)1
(477, 478, 131)1
(478, 477, 131)1
(478, 479, 131)1
(479, 478, 131)1
(479, 480, 131)1
(480, 479, 131)1
(481, 482, 132)1
(482, 481, 132)1
(482, 483, 132)1
(483, 482, 132)1
(484, 485, 133)1
(485, 484, 133)1
(485, 486, 133)1
(486, 485, 133)1
(486, 487, 133)1
(487, 486, 133)1
(488, 489, 134)1
(489, 488, 134)1
(489, 490, 134)1
(490, 489, 134)1
(490, 491, 134)1
(491, 490, 134)1
(492, 493, 135)1
(493, 492, 135)1
(493, 494, 135)1
(494, 493, 135)1
(494, 495, 135)1
(495, 494, 135)1
(495, 496, 135)1
(496, 495, 135)1
(497, 498, 136)1
(498, 497, 136)1
(499, 500, 137)1
(500, 499, 137)1
(500, 501, 137)1
(501, 500, 137)1
(502, 503, 138)1
(503, 502, 138)1
(503, 504, 138)1
(504, 503, 138)1
(505, 506, 139)1
(506, 505, 139)1
(506, 507, 139)1
(507, 506, 139)1
(507, 508, 139)1
(508, 507, 139)1
(509, 510, 140)1
(510, 509, 140)1
(510, 511, 140)1
(511, 510, 140)1
(512, 513, 141)1
(513, 512, 141)1
(513, 514, 141)1
(514, 513, 141)1
(514, 515, 141)1
(515, 514, 141)1
(516, 517, 142)1
(517, 516, 142)1
(517, 518, 142)1
(518, 517, 142)1
(518, 519, 142)1
(519, 518, 142)1
(520, 521, 143)1
(521, 520, 143)1
(521, 522, 143)1
(522, 521, 143)1
(522, 523, 143)1
(523, 522, 143)1
(523, 524, 143)1
(524, 523, 143)1
(525, 526, 144)1
(526, 525, 144)1
(526, 527, 144)1
(527, 526, 144)1
(528, 529, 145)1
(529, 528, 145)1
(529, 530, 145)1
(530, 529, 145)1
(530, 531, 145)1
(531, 530, 145)1
(532, 533, 146)1
(533, 532, 146)1
(533, 534, 146)1
(534, 533, 146)1
(534, 535, 146)1
(535, 534, 146)1
(536, 537, 147)1
(537, 536, 147)1
(537, 538, 147)1
(538, 537, 147)1
(538, 539, 147)1
(539, 538, 147)1
(539, 540, 147)1
(540, 539, 147)1
(541, 542, 148)1
(542, 541, 148)1
(542, 543, 148)1
(543, 542, 148)1
(543, 544, 148)1
(544, 543, 148)1
(545, 546, 149)1
(546, 545, 149)1
(546, 547, 149)1
(547, 546, 149)1
(547, 548, 149)1
(548, 547, 149)1
(548, 549, 149)1
(549, 548, 149)1
(550, 551, 150)1
(551, 550, 150)1
(551, 552, 150)1
(552, 551, 150)1
(552, 553, 150)1
(553, 552, 150)1
(553, 554, 150)1
(554, 553, 150)1
(555, 556, 151)1
(556, 555, 151)1
(556, 557, 151)1
(557, 556, 151)1
(557, 558, 151)1
(558, 557, 151)1
(558, 559, 151)1
(559, 558, 151)1
(559, 560, 151)1
(560, 559, 151)1
(561, 562, 152)1
(562, 561, 152)1
(563, 564, 153)1
(564, 563, 153)1
(564, 565, 153)1
(565, 564, 153)1
(566, 567, 154)1
(567, 566, 154)1
(567, 568, 154)1
(568, 567, 154)1
(569, 570, 155)1
(570, 569, 155)1
(570, 571, 155)1
(571, 570, 155)1
(571, 572, 155)1
(572, 571, 155)1
(573, 574, 156)1
(574, 573, 156)1
(574, 575, 156)1
(575, 574, 156)1
(576, 577, 157)1
(577, 576, 157)1
(577, 578, 157)1
(578, 577, 157)1
(578, 579, 157)1
(579, 578, 157)1
(580, 581, 158)1
(581, 580, 158)1
(581, 582, 158)1
(582, 581, 158)1
(582, 583, 158)1
(583, 582, 158)1
(584, 585, 159)1
(585, 584, 159)1
(585, 586, 159)1
(586, 585, 159)1
(586, 587, 159)1
(587, 586, 159)1
(587, 588, 159)1
(588, 587, 159)1
(589, 590, 160)1
(590, 589, 160)1
(590, 591, 160)1
(591, 590, 160)1
(592, 593, 161)1
(593, 592, 161)1
(593, 594, 161)1
(594, 593, 161)1
(594, 595, 161)1
(595, 594, 161)1
(596, 597, 162)1
(597, 596, 162)1
(597, 598, 162)1
(598, 597, 162)1
(598, 599, 162)1
(599, 598, 162)1
(600, 601, 163)1
(601, 600, 163)1
(601, 602, 163)1
(602, 601, 163)1
(602, 603, 163)1
(603, 602, 163)1
(603, 604, 163)1
(604, 603, 163)1
(605, 606, 164)1
(606, 605, 164)1
(606, 607, 164)1
(607, 606, 164)1
(607, 608, 164)1
(608, 607, 164)1
(609, 610, 165)1
(610, 609, 165)1
(610, 611, 165)1
(611, 610, 165)1
(611, 612, 165)1
(612, 611, 165)1
(612, 613, 165)1
(613, 612, 165)1
(614, 615, 166)1
(615, 614, 166)1
(615, 616, 166)1
(616, 615, 166)1
(616, 617, 166)1
(617, 616, 166)1
(617, 618, 166)1
(618, 617, 166)1
(619, 620, 167)1
(620, 619, 167)1
(620, 621, 167)1
(621, 620, 167)1
(621, 622, 167)1
(622, 621, 167)1
(622, 623, 167)1
(623, 622, 167)1
(623, 624, 167)1
(624, 623, 167)1
(625, 626, 168)1
(626, 625, 168)1
(626, 627, 168)1
(627, 626, 168)1
(628, 629, 169)1
(629, 628, 169)1
(629, 630, 169)1
(630, 629, 169)1
(630, 631, 169)1
(631, 630, 169)1
(632, 633, 170)1
(633, 632, 170)1
(633, 634, 170)1
(634, 633, 170)1
(634, 635, 170)1
(635, 634, 170)1
(636, 637, 171)1
(637, 636, 171)1
(637, 638, 171)1
(638, 637, 171)1
(638, 639, 171)1
(639, 638, 171)1
(639, 640, 171)1
(640, 639, 171)1
(641, 642, 172)1
(642, 641, 172)1
(642, 643, 172)1
(643, 642, 172)1
(643, 644, 172)1
(644, 643, 172)1
(645, 646, 173)1
(646, 645, 173)1
(646, 647, 173)1
(647, 646, 173)1
(647, 648, 173)1
(648, 647, 173)1
(648, 649, 173)1
(649, 648, 173)1
(650, 651, 174)1
(651, 650, 174)1
(651, 652, 174)1
(652, 651, 174)1
(652, 653, 174)1
(653, 652, 174)1
(653, 654, 174)1
(654, 653, 174)1
(655, 656, 175)1
(656, 655, 175)1
(656, 657, 175)1
(657, 656, 175)1
(657, 658, 175)1
(658, 657, 175)1
(658, 659, 175)1
(659, 658, 175)1
(659, 660, 175)1
(660, 659, 175)1
(661, 662, 176)1
(662, 661, 176)1
(662, 663, 176)1
(663, 662, 176)1
(663, 664, 176)1
(664, 663, 176)1
(665, 666, 177)1
(666, 665, 177)1
(666, 667, 177)1
(667, 666, 177)1
(667, 668, 177)1
(668, 667, 177)1
(668, 669, 177)1
(669, 668, 177)1
(670, 671, 178)1
(671, 670, 178)1
(671, 672, 178)1
(672, 671, 178)1
(672, 673, 178)1
(673, 672, 178)1
(673, 674, 178)1
(674, 673, 178)1
(675, 676, 179)1
(676, 675, 179)1
(676, 677, 179)1
(677, 676, 179)1
(677, 678, 179)1
(678, 677, 179)1
(678, 679, 179)1
(679, 678, 179)1
(679, 680, 179)1
(680, 679, 179)1
(681, 682, 180)1
(682, 681, 180)1
(682, 683, 180)1
(683, 682, 180)1
(683, 684, 180)1
(684, 683, 180)1
(684, 685, 180)1
(685, 684, 180)1
(686, 687, 181)1
(687, 686, 181)1
(687, 688, 181)1
(688, 687, 181)1
(688, 689, 181)1
(689, 688, 181)1
(689, 690, 181)1
(690, 689, 181)1
(690, 691, 181)1
(691, 690, 181)1
(692, 693, 182)1
(693, 692, 182)1
(693, 694, 182)1
(694, 693, 182)1
(694, 695, 182)1
(695, 694, 182)1
(695, 696, 182)1
(696, 695, 182)1
(696, 697, 182)1
(697, 696, 182)1
(698, 699, 183)1
(699, 698, 183)1
(699, 700, 183)1
(700, 699, 183)1
(700, 701, 183)1
(701, 700, 183)1
(701, 702, 183)1
(702, 701, 183)1
(702, 703, 183)1
(703, 702, 183)1
(703, 704, 183)1
(704, 703, 183)1
(705, 706, 184)1
(706, 705, 184)1
(707, 708, 185)1
(708, 707, 185)1
(708, 709, 185)1
(709, 708, 185)1
(710, 711, 186)1
(711, 710, 186)1
(711, 712, 186)1
(712, 711, 186)1
(713, 714, 187)1
(714, 713, 187)1
(714, 715, 187)1
(715, 714, 187)1
(715, 716, 187)1
(716, 715, 187)1
(717, 718, 188)1
(718, 717, 188)1
(718, 719, 188)1
(719, 718, 188)1
(720, 721, 189)1
(721, 720, 189)1
(721, 722, 189)1
(722, 721, 189)1
(722, 723, 189)1
(723, 722, 189)1
(724, 725, 190)1
(725, 724, 190)1
(725, 726, 190)1
(726, 725, 190)1
(726, 727, 190)1
(727, 726, 190)1
(728, 729, 191)1
(729, 728, 191)1
(729, 730, 191)1
(730, 729, 191)1
(730, 731, 191)1
(731, 730, 191)1
(731, 732, 191)1
(732, 731, 191)1
(733, 734, 192)1
(734, 733, 192)1
(734, 735, 192)1
(735, 734, 192)1
(736, 737, 193)1
(737, 736, 193)1
(737, 738, 193)1
(738, 737, 193)1
(738, 739, 193)1
(739, 738, 193)1
(740, 741, 194)1
(741, 740, 194)1
(741, 742, 194)1
(742, 741, 194)1
(742, 743, 194)1
(743, 742, 194)1
(744, 745, 195)1
(745, 744, 195)1
(745, 746, 195)1
(746, 745, 195)1
(746, 747, 195)1
(747, 746, 195)1
(747, 748, 195)1
(748, 747, 195)1
(749, 750, 196)1
(750, 749, 196)1
(750, 751, 196)1
(751, 750, 196)1
(751, 752, 196)1
(752, 751, 196)1
(753, 754, 197)1
(754, 753, 197)1
(754, 755, 197)1
(755, 754, 197)1
(755, 756, 197)1
(756, 755, 197)1
(756, 757, 197)1
(757, 756, 197)1
(758, 759, 198)1
(759, 758, 198)1
(759, 760, 198)1
(760, 759, 198)1
(760, 761, 198)1
(761, 760, 198)1
(761, 762, 198)1
(762, 761, 198)1
(763, 764, 199)1
(764, 763, 199)1
(764, 765, 199)1
(765, 764, 199)1
(765, 766, 199)1
(766, 765, 199)1
(766, 767, 199)1
(767, 766, 199)1
(767, 768, 199)1
(768, 767, 199)1
(769, 770, 200)1
(770, 769, 200)1
(770, 771, 200)1
(771, 770, 200)1
(772, 773, 201)1
(773, 772, 201)1
(773, 774, 201)1
(774, 773, 201)1
(774, 775, 201)1
(775, 774, 201)1
(776, 777, 202)1
(777, 776, 202)1
(777, 778, 202)1
(778, 777, 202)1
(778, 779, 202)1
(779, 778, 202)1
(780, 781, 203)1
(781, 780, 203)1
(781, 782, 203)1
(782, 781, 203)1
(782, 783, 203)1
(783, 782, 203)1
(783, 784, 203)1
(784, 783, 203)1
(785, 786, 204)1
(786, 785, 204)1
(786, 787, 204)1
(787, 786, 204)1
(787, 788, 204)1
(788, 787, 204)1
(789, 790, 205)1
(790, 789, 205)1
(790, 791, 205)1
(791, 790, 205)1
(791, 792, 205)1
(792, 791, 205)1
(792, 793, 205)1
(793, 792, 205)1
(794, 795, 206)1
(795, 794, 206)1
(795, 796, 206)1
(796, 795, 206)1
(796, 797, 206)1
(797, 796, 206)1
(797, 798, 206)1
(798, 797, 206)1
(799, 800, 207)1
(800, 799, 207)1
(800, 801, 207)1
(801, 800, 207)1
(801, 802, 207)1
(802, 801, 207)1
(802, 803, 207)1
(803, 802, 207)1
(803, 804, 207)1
(804, 803, 207)1
(805, 806, 208)1
(806, 805, 208)1
(806, 807, 208)1
(807, 806, 208)1
(807, 808, 208)1
(808, 807, 208)1
(809, 810, 209)1
(810, 809, 209)1
(810, 811, 209)1
(811, 810, 209)1
(811, 812, 209)1
(812, 811, 209)1
(812, 813, 209)1
(813, 812, 209)1
(814, 815, 210)1
(815, 814, 210)1
(815, 816, 210)1
(816, 815, 210)1
(816, 817, 210)1
(817, 816, 210)1
(817, 818, 210)1
(818, 817, 210)1
(819, 820, 211)1
(820, 819, 211)1
(820, 821, 211)1
(821, 820, 211)1
(821, 822, 211)1
(822, 821, 211)1
(822, 823, 211)1
(823, 822, 211)1
(823, 824, 211)1
(824, 823, 211)1
(825, 826, 212)1
(826, 825, 212)1
(826, 827, 212)1
(827, 826, 212)1
(827, 828, 212)1
(828, 827, 212)1
(828, 829, 212)1
(829, 828, 212)1
(830, 831, 213)1
(831, 830, 213)1
(831, 832, 213)1
(832, 831, 213)1
(832, 833, 213)1
(833, 832, 213)1
(833, 834, 213)1
(834, 833, 213)1
(834, 835, 213)1
(835, 834, 213)1
(836, 837, 214)1
(837, 836, 214)1
(837, 838, 214)1
(838, 837, 214)1
(838, 839, 214)1
(839, 838, 214)1
(839, 840, 214)1
(840, 839, 214)1
(840, 841, 214)1
(841, 840, 214)1
(842, 843, 215)1
(843, 842, 215)1
(843, 844, 215)1
(844, 843, 215)1
(844, 845, 215)1
(845, 844, 215)1
(845, 846, 215)1
(846, 845, 215)1
(846, 847, 215)1
(847, 846, 215)1
(847, 848, 215)1
(848, 847, 215)1
(849, 850, 216)1
(850, 849, 216)1
(850, 851, 216)1
(851, 850, 216)1
(852, 853, 217)1
(853, 852, 217)1
(853, 854, 217)1
(854, 853, 217)1
(854, 855, 217)1
(855, 854, 217)1
(856, 857, 218)1
(857, 856, 218)1
(857, 858, 218)1
(858, 857, 218)1
(858, 859, 218)1
(859, 858, 218)1
(860, 861, 219)1
(861, 860, 219)1
(861, 862, 219)1
(862, 861, 219)1
(862, 863, 219)1
(863, 862, 219)1
(863, 864, 219)1
(864, 863, 219)1
(865, 866, 220)1
(866, 865, 220)1
(866, 867, 220)1
(867, 866, 220)1
(867, 868, 220)1
(868, 867, 220)1
(869, 870, 221)1
(870, 869, 221)1
(870, 871, 221)1
(871, 870, 221)1
(871, 872, 221)1
(872, 871, 221)1
(872, 873, 221)1
(873, 872, 221)1
(874, 875, 222)1
(875, 874, 222)1
(875, 876, 222)1
(876, 875, 222)1
(876, 877, 222)1
(877, 876, 222)1
(877, 878, 222)1
(878, 877, 222)1
(879, 880, 223)1
(880, 879, 223)1
(880, 881, 223)1
(881, 880, 223)1
(881, 882, 223)1
(882, 881, 223)1
(882, 883, 223)1
(883, 882, 223)1
(883, 884, 223)1
(884, 883, 223)1
(885, 886, 224)1
(886, 885, 224)1
(886, 887, 224)1
(887, 886, 224)1
(887, 888, 224)1
(888, 887, 224)1
(889, 890, 225)1
(890, 889, 225)1
(890, 891, 225)1
(891, 890, 225)1
(891, 892, 225)1
(892, 891, 225)1
(892, 893, 225)1
(893, 892, 225)1
(894, 895, 226)1
(895, 894, 226)1
(895, 896, 226)1
(896, 895, 226)1
(896, 897, 226)1
(897, 896, 226)1
(897, 898, 226)1
(898, 897, 226)1
(899, 900, 227)1
(900, 899, 227)1
(900, 901, 227)1
(901, 900, 227)1
(901, 902, 227)1
(902, 901, 227)1
(902, 903, 227)1
(903, 902, 227)1
(903, 904, 227)1
(904, 903, 227)1
(905, 906, 228)1
(906, 905, 228)1
(906, 907, 228)1
(907, 906, 228)1
(907, 908, 228)1
(908, 907, 228)1
(908, 909, 228)1
(909, 908, 228)1
(910, 911, 229)1
(911, 910, 229)1
(911, 912, 229)1
(912, 911, 229)1
(912, 913, 229)1
(913, 912, 229)1
(913, 914, 229)1
(914, 913, 229)1
(914, 915, 229)1
(915, 914, 229)1
(916, 917, 230)1
(917, 916, 230)1
(917, 918, 230)1
(918, 917, 230)1
(918, 919, 230)1
(919, 918, 230)1
(919, 920, 230)1
(920, 919, 230)1
(920, 921, 230)1
(921, 920, 230)1
(922, 923, 231)1
(923, 922, 231)1
(923, 924, 231)1
(924, 923, 231)1
(924, 925, 231)1
(925, 924, 231)1
(925, 926, 231)1
(926, 925, 231)1
(926, 927, 231)1
(927, 926, 231)1
(927, 928, 231)1
(928, 927, 231)1
(929, 930, 232)1
(930, 929, 232)1
(930, 931, 232)1
(931, 930, 232)1
(931, 932, 232)1
(932, 931, 232)1
(933, 934, 233)1
(934, 933, 233)1
(934, 935, 233)1
(935, 934, 233)1
(935, 936, 233)1
(936, 935, 233)1
(936, 937, 233)1
(937, 936, 233)1
(938, 939, 234)1
(939, 938, 234)1
(939, 940, 234)1
(940, 939, 234)1
(940, 941, 234)1
(941, 940, 234)1
(941, 942, 234)1
(942, 941, 234)1
(943, 944, 235)1
(944, 943, 235)1
(944, 945, 235)1
(945, 944, 235)1
(945, 946, 235)1
(946, 945, 235)1
(946, 947, 235)1
(947, 946, 235)1
(947, 948, 235)1
(948, 947, 235)1
(949, 950, 236)1
(950, 949, 236)1
(950, 951, 236)1
(951, 950, 236)1
(951, 952, 236)1
(952, 951, 236)1
(952, 953, 236)1
(953, 952, 236)1
(954, 955, 237)1
(955, 954, 237)1
(955, 956, 237)1
(956, 955, 237)1
(956, 957, 237)1
(957, 956, 237)1
(957, 958, 237)1
(958, 957, 237)1
(958, 959, 237)1
(959, 958, 237)1
(960, 961, 238)1
(961, 960, 238)1
(961, 962, 238)1
(962, 961, 238)1
(962, 963, 238)1
(963, 962, 238)1
(963, 964, 238)1
(964, 963, 238)1
(964, 965, 238)1
(965, 964, 238)1
(966, 967, 239)1
(967, 966, 239)1
(967, 968, 239)1
(968, 967, 239)1
(968, 969, 239)1
(969, 968, 239)1
(969, 970, 239)1
(970, 969, 239)1
(970, 971, 239)1
(971, 970, 239)1
(971, 972, 239)1
(972, 971, 239)1
(973, 974, 240)1
(974, 973, 240)1
(974, 975, 240)1
(975, 974, 240)1
(975, 976, 240)1
(976, 975, 240)1
(976, 977, 240)1
(977, 976, 240)1
(978, 979, 241)1
(979, 978, 241)1
(979, 980, 241)1
(980, 979, 241)1
(980, 981, 241)1
(981, 980, 241)1
(981, 982, 241)1
(982, 981, 241)1
(982, 983, 241)1
(983, 982, 241)1
(984, 985, 242)1
(985, 984, 242)1
(985, 986, 242)1
(986, 985, 242)1
(986, 987, 242)1
(987, 986, 242)1
(987, 988, 242)1
(988, 987, 242)1
(988, 989, 242)1
(989, 988, 242)1
(990, 991, 243)1
(991, 990, 243)1
(991, 992, 243)1
(992, 991, 243)1
(992, 993, 243)1
(993, 992, 243)1
(993, 994, 243)1
(994, 993, 243)1
(994, 995, 243)1
(995, 994, 243)1
(995, 996, 243)1
(996, 995, 243)1
(997, 998, 244)1
(998, 997, 244)1
(998, 999, 244)1
(999, 998, 244)1
(999, 1000, 244)1
(1000, 999, 244)1
(1000, 1001, 244)1
(1001, 1000, 244)1
(1001, 1002, 244)1
(1002, 1001, 244)1
(1003, 1004, 245)1
(1004, 1003, 245)1
(1004, 1005, 245)1
(1005, 1004, 245)1
(1005, 1006, 245)1
(1006, 1005, 245)1
(1006, 1007, 245)1
(1007, 1006, 245)1
(1007, 1008, 245)1
(1008, 1007, 245)1
(1008, 1009, 245)1
(1009, 1008, 245)1
(1010, 1011, 246)1
(1011, 1010, 246)1
(1011, 1012, 246)1
(1012, 1011, 246)1
(1012, 1013, 246)1
(1013, 1012, 246)1
(1013, 1014, 246)1
(1014, 1013, 246)1
(1014, 1015, 246)1
(1015, 1014, 246)1
(1015, 1016, 246)1
(1016, 1015, 246)1
(1017, 1018, 247)1
(1018, 1017, 247)1
(1018, 1019, 247)1
(1019, 1018, 247)1
(1019, 1020, 247)1
(1020, 1019, 247)1
(1020, 1021, 247)1
(1021, 1020, 247)1
(1021, 1022, 247)1
(1022, 1021, 247)1
(1022, 1023, 247)1
(1023, 1022, 247)1
(1023, 1024, 247)1
(1024, 1023, 247)1
]

As:[
(1, 450, 1)1
(1, 452, 1)1
(1, 454, 1)1
(1, 457, 1)1
(1, 459, 1)1
(1, 462, 1)1
(1, 465, 1)1
(1, 469, 1)1
(1, 471, 1)1
(1, 474, 1)1
(1, 477, 1)1
(1, 481, 1)1
(1, 484, 1)1
(1, 488, 1)1
(1, 492, 1)1
(1, 497, 1)1
(1, 499, 1)1
(1, 502, 1)1
(1, 505, 1)1
(1, 509, 1)1
(1, 512, 1)1
(1, 516, 1)1
(1, 520, 1)1
(1, 525, 1)1
(1, 528, 1)1
(1, 532, 1)1
(1, 536, 1)1
(1, 541, 1)1
(1, 545, 1)1
(1, 550, 1)1
(1, 555, 1)1
(1, 561, 1)1
(1, 563, 1)1
(1, 566, 1)1
(1, 569, 1)1
(1, 573, 1)1
(1, 576, 1)1
(1, 580, 1)1
(1, 584, 1)1
(1, 589, 1)1
(1, 592, 1)1
(1, 596, 1)1
(1, 600, 1)1
(1, 605, 1)1
(1, 609, 1)1
(1, 614, 1)1
(1, 619, 1)1
(1, 625, 1)1
(1, 628, 1)1
(1, 632, 1)1
(1, 636, 1)1
(1, 641, 1)1
(1, 645, 1)1
(1, 650, 1)1
(1, 655, 1)1
(1, 661, 1)1
(1, 665, 1)1
(1, 670, 1)1
(1, 675, 1)1
(1, 681, 1)1
(1, 686, 1)1
(1, 692, 1)1
(1, 698, 1)1
(1, 705, 1)1
(1, 707, 1)1
(1, 710, 1)1
(1, 713, 1)1
(1, 717, 1)1
(1, 720, 1)1
(1, 724, 1)1
(1, 728, 1)1
(1, 733, 1)1
(1, 736, 1)1
(1, 740, 1)1
(1, 744, 1)1
(1, 749, 1)1
(1, 753, 1)1
(1, 758, 1)1
(1, 763, 1)1
(1, 769, 1)1
(1, 772, 1)1
(1, 776, 1)1
(1, 780, 1)1
(1, 785, 1)1
(1, 789, 1)1
(1, 794, 1)1
(1, 799, 1)1
(1, 805, 1)1
(1, 809, 1)1
(1, 814, 1)1
(1, 819, 1)1
(1, 825, 1)1
(1, 830, 1)1
(1, 836, 1)1
(1, 842, 1)1
(1, 849, 1)1
(1, 852, 1)1
(1, 856, 1)1
(1, 860, 1)1
(1, 865, 1)1
(1, 869, 1)1
(1, 874, 1)1
(1, 879, 1)1
(1, 885, 1)1
(1, 889, 1)1
(1, 894, 1)1
(1, 899, 1)1
(1, 905, 1)1
(1, 910, 1)1
(1, 916, 1)1
(1, 922, 1)1
(1, 929, 1)1
(1, 933, 1)1
(1, 938, 1)1
(1, 943, 1)1
(1, 949, 1)1
(1, 954, 1)1
(1, 960, 1)1
(1, 966, 1)1
(1, 973, 1)1
(1, 978, 1)1
(1, 984, 1)1
(1, 990, 1)1
(1, 997, 1)1
(1, 1003, 1)1
(1, 1010, 1)1
(1, 1017, 1)1
(2, 195, 2)1
(2, 197, 2)1
(2, 199, 2)1
(2, 202, 2)1
(2, 204, 2)1
(2, 207, 2)1
(2, 210, 2)1
(2, 214, 2)1
(2, 216, 2)1
(2, 219, 2)1
(2, 222, 2)1
(2, 226, 2)1
(2, 229, 2)1
(2, 233, 2)1
(2, 237, 2)1
(2, 242, 2)1
(2, 244, 2)1
(2, 247, 2)1
(2, 250, 2)1
(2, 254, 2)1
(2, 257, 2)1
(2, 261, 2)1
(2, 265, 2)1
(2, 270, 2)1
(2, 273, 2)1
(2, 277, 2)1
(2, 281, 2)1
(2, 286, 2)1
(2, 290, 2)1
(2, 295, 2)1
(2, 300, 2)1
(2, 306, 2)1
(2, 308, 2)1
(2, 311, 2)1
(2, 314, 2)1
(2, 318, 2)1
(2, 321, 2)1
(2, 325, 2)1
(2, 329, 2)1
(2, 334, 2)1
(2, 337, 2)1
(2, 341, 2)1
(2, 345, 2)1
(2, 350, 2)1
(2, 354, 2)1
(2, 359, 2)1
(2, 364, 2)1
(2, 370, 2)1
(2, 373, 2)1
(2, 377, 2)1
(2, 381, 2)1
(2, 386, 2)1
(2, 390, 2)1
(2, 395, 2)1
(2, 400, 2)1
(2, 406, 2)1
(2, 410, 2)1
(2, 415, 2)1
(2, 420, 2)1
(2, 426, 2)1
(2, 431, 2)1
(2, 437, 2)1
(2, 443, 2)1
(2, 706, 2)1
(2, 708, 2)1
(2, 711, 2)1
(2, 714, 2)1
(2, 718, 2)1
(2, 721, 2)1
(2, 725, 2)1
(2, 729, 2)1
(2, 734, 2)1
(2, 737, 2)1
(2, 741, 2)1
(2, 745, 2)1
(2, 750, 2)1
(2, 754, 2)1
(2, 759, 2)1
(2, 764, 2)1
(2, 770, 2)1
(2, 773, 2)1
(2, 777, 2)1
(2, 781, 2)1
(2, 786, 2)1
(2, 790, 2)1
(2, 795, 2)1
(2, 800, 2)1
(2, 806, 2)1
(2, 810, 2)1
(2, 815, 2)1
(2, 820, 2)1
(2, 826, 2)1
(2, 831, 2)1
(2, 837, 2)1
(2, 843, 2)1
(2, 850, 2)1
(2, 853, 2)1
(2, 857, 2)1
(2, 861, 2)1
(2, 866, 2)1
(2, 870, 2)1
(2, 875, 2)1
(2, 880, 2)1
(2, 886, 2)1
(2, 890, 2)1
(2, 895, 2)1
(2, 900, 2)1
(2, 906, 2)1
(2, 911, 2)1
(2, 917, 2)1
(2, 923, 2)1
(2, 930, 2)1
(2, 934, 2)1
(2, 939, 2)1
(2, 944, 2)1
(2, 950, 2)1
(2, 955, 2)1
(2, 961, 2)1
(2, 967, 2)1
(2, 974, 2)1
(2, 979, 2)1
(2, 985, 2)1
(2, 991, 2)1
(2, 998, 2)1
(2, 1004, 2)1
(2, 1011, 2)1
(2, 1018, 2)1
(3, 84, 3)1
(3, 86, 3)1
(3, 88, 3)1
(3, 91, 3)1
(3, 93, 3)1
(3, 96, 3)1
(3, 99, 3)1
(3, 103, 3)1
(3, 105, 3)1
(3, 108, 3)1
(3, 111, 3)1
(3, 115, 3)1
(3, 118, 3)1
(3, 122, 3)1
(3, 126, 3)1
(3, 131, 3)1
(3, 133, 3)1
(3, 136, 3)1
(3, 139, 3)1
(3, 143, 3)1
(3, 146, 3)1
(3, 150, 3)1
(3, 154, 3)1
(3, 159, 3)1
(3, 162, 3)1
(3, 166, 3)1
(3, 170, 3)1
(3, 175, 3)1
(3, 179, 3)1
(3, 184, 3)1
(3, 189, 3)1
(3, 307, 3)1
(3, 309, 3)1
(3, 312, 3)1
(3, 315, 3)1
(3, 319, 3)1
(3, 322, 3)1
(3, 326, 3)1
(3, 330, 3)1
(3, 335, 3)1
(3, 338, 3)1
(3, 342, 3)1
(3, 346, 3)1
(3, 351, 3)1
(3, 355, 3)1
(3, 360, 3)1
(3, 365, 3)1
(3, 371, 3)1
(3, 374, 3)1
(3, 378, 3)1
(3, 382, 3)1
(3, 387, 3)1
(3, 391, 3)1
(3, 396, 3)1
(3, 401, 3)1
(3, 407, 3)1
(3, 411, 3)1
(3, 416, 3)1
(3, 421, 3)1
(3, 427, 3)1
(3, 432, 3)1
(3, 438, 3)1
(3, 444, 3)1
(3, 562, 3)1
(3, 564, 3)1
(3, 567, 3)1
(3, 570, 3)1
(3, 574, 3)1
(3, 577, 3)1
(3, 581, 3)1
(3, 585, 3)1
(3, 590, 3)1
(3, 593, 3)1
(3, 597, 3)1
(3, 601, 3)1
(3, 606, 3)1
(3, 610, 3)1
(3, 615, 3)1
(3, 620, 3)1
(3, 626, 3)1
(3, 629, 3)1
(3, 633, 3)1
(3, 637, 3)1
(3, 642, 3)1
(3, 646, 3)1
(3, 651, 3)1
(3, 656, 3)1
(3, 662, 3)1
(3, 666, 3)1
(3, 671, 3)1
(3, 676, 3)1
(3, 682, 3)1
(3, 687, 3)1
(3, 693, 3)1
(3, 699, 3)1
(3, 851, 3)1
(3, 854, 3)1
(3, 858, 3)1
(3, 862, 3)1
(3, 867, 3)1
(3, 871, 3)1
(3, 876, 3)1
(3, 881, 3)1
(3, 887, 3)1
(3, 891, 3)1
(3, 896, 3)1
(3, 901, 3)1
(3, 907, 3)1
(3, 912, 3)1
(3, 918, 3)1
(3, 924, 3)1
(3, 931, 3)1
(3, 935, 3)1
(3, 940, 3)1
(3, 945, 3)1
(3, 951, 3)1
(3, 956, 3)1
(3, 962, 3)1
(3, 968, 3)1
(3, 975, 3)1
(3, 980, 3)1
(3, 986, 3)1
(3, 992, 3)1
(3, 999, 3)1
(3, 1005, 3)1
(3, 1012, 3)1
(3, 1019, 3)1
(4, 37, 4)1
(4, 39, 4)1
(4, 41, 4)1
(4, 44, 4)1
(4, 46, 4)1
(4, 49, 4)1
(4, 52, 4)1
(4, 56, 4)1
(4, 58, 4)1
(4, 61, 4)1
(4, 64, 4)1
(4, 68, 4)1
(4, 71, 4)1
(4, 75, 4)1
(4, 79, 4)1
(4, 132, 4)1
(4, 134, 4)1
(4, 137, 4)1
(4, 140, 4)1
(4, 144, 4)1
(4, 147, 4)1
(4, 151, 4)1
(4, 155, 4)1
(4, 160, 4)1
(4, 163, 4)1
(4, 167, 4)1
(4, 171, 4)1
(4, 176, 4)1
(4, 180, 4)1
(4, 185, 4)1
(4, 190, 4)1
(4, 243, 4)1
(4, 245, 4)1
(4, 248, 4)1
(4, 251, 4)1
(4, 255, 4)1
(4, 258, 4)1
(4, 262, 4)1
(4, 266, 4)1
(4, 271, 4)1
(4, 274, 4)1
(4, 278, 4)1
(4, 282, 4)1
(4, 287, 4)1
(4, 291, 4)1
(4, 296, 4)1
(4, 301, 4)1
(4, 372, 4)1
(4, 375, 4)1
(4, 379, 4)1
(4, 383, 4)1
(4, 388, 4)1
(4, 392, 4)1
(4, 397, 4)1
(4, 402, 4)1
(4, 408, 4)1
(4, 412, 4)1
(4, 417, 4)1
(4, 422, 4)1
(4, 428, 4)1
(4, 433, 4)1
(4, 439, 4)1
(4, 445, 4)1
(4, 498, 4)1
(4, 500, 4)1
(4, 503, 4)1
(4, 506, 4)1
(4, 510, 4)1
(4, 513, 4)1
(4, 517, 4)1
(4, 521, 4)1
(4, 526, 4)1
(4, 529, 4)1
(4, 533, 4)1
(4, 537, 4)1
(4, 542, 4)1
(4, 546, 4)1
(4, 551, 4)1
(4, 556, 4)1
(4, 627, 4)1
(4, 630, 4)1
(4, 634, 4)1
(4, 638, 4)1
(4, 643, 4)1
(4, 647, 4)1
(4, 652, 4)1
(4, 657, 4)1
(4, 663, 4)1
(4, 667, 4)1
(4, 672, 4)1
(4, 677, 4)1
(4, 683, 4)1
(4, 688, 4)1
(4, 694, 4)1
(4, 700, 4)1
(4, 771, 4)1
(4, 774, 4)1
(4, 778, 4)1
(4, 782, 4)1
(4, 787, 4)1
(4, 791, 4)1
